# 20250521_174117.png
170.498413 179.136810
215.079498 184.799072
258.601532 190.506943
301.423920 196.126129
162.824081 220.284485
208.696686 225.776703
253.558975 231.302948
297.492096 236.610504
154.542160 263.400848
201.907806 268.699524
248.247284 273.960510
293.438843 279.419891
146.232269 310.105103
194.779648 315.032135
242.351303 320.024994
288.998413 324.648956

# 20250521_174135.png
170.494125 179.069809
215.132874 184.808319
258.582367 190.507431
301.435974 196.094833
162.786407 220.320770
208.651184 225.792130
253.536697 231.302429
297.480988 236.611557
154.532349 263.332397
201.906982 268.688477
248.259705 273.970581
293.440277 279.416168
146.268387 310.070892
194.750885 315.109955
242.374481 320.015900
289.016235 324.620880

# 20250521_174140.png
170.479675 179.137741
215.093903 184.875198
258.595947 190.500473
301.425323 196.141754
162.817062 220.316467
208.670959 225.776352
253.542145 231.302353
297.511810 236.604858
154.536697 263.362793
201.900955 268.627014
248.267899 274.012299
293.434326 279.415924
146.250015 310.159302
194.777710 315.103973
242.365387 320.033813
288.981537 324.623993

# 20250521_174142.png
170.471405 179.117111
215.019943 184.835083
258.576599 190.527313
301.418243 196.142151
162.781708 220.311325
208.685501 225.782410
253.541168 231.295776
297.508240 236.594894
154.519806 263.381287
201.899933 268.651855
248.279953 274.025452
293.406708 279.412384
146.224304 310.155212
194.743134 315.123444
242.348633 320.079651
289.016693 324.659332

# 20250521_174144.png
170.478592 179.081543
215.097992 184.847229
258.585175 190.525116
301.382172 196.128281
162.812637 220.313568
208.664383 225.796661
253.545502 231.275833
297.481964 236.592499
154.542206 263.343567
201.948318 268.675476
248.277023 273.982208
293.415100 279.442047
146.237717 310.144958
194.759811 315.113190
242.391891 320.068359
288.973236 324.638245

