5.358850442721692087e-01 -3.998514397002602139e-01 0.000000000000000000e+00
5.140979949552626493e-01 -2.672841015556613464e-01 0.000000000000000000e+00
4.923109456383560345e-01 -1.347167634110624790e-01 0.000000000000000000e+00
4.705238963214494752e-01 -2.149425266463611539e-03 0.000000000000000000e+00
4.487368470045428603e-01 1.304179128781353392e-01 0.000000000000000000e+00
4.269497976876363010e-01 2.629852510227342344e-01 0.000000000000000000e+00
4.051627483707297417e-01 3.955525891673330463e-01 0.000000000000000000e+00
3.833756990538231824e-01 5.281199273119320248e-01 0.000000000000000000e+00
3.615886497369166230e-01 6.606872654565308922e-01 0.000000000000000000e+00
3.398016004200100082e-01 7.932546036011298707e-01 0.000000000000000000e+00
3.180145511031034489e-01 9.258219417457287381e-01 0.000000000000000000e+00
2.962275017861968895e-01 1.058389279890327606e+00 0.000000000000000000e+00
2.744404524692903302e-01 1.190956618034926473e+00 0.000000000000000000e+00
2.526534031523837154e-01 1.323523956179525340e+00 0.000000000000000000e+00
2.308663538354771838e-01 1.456091294324124208e+00 0.000000000000000000e+00
2.090793045185705967e-01 1.588658632468723297e+00 0.000000000000000000e+00
